390
316
351
416
291
376
368
320
342
389
192
208
236
171
181
165
189
167
171
182
282
240
184
241
275
226
194
212
200
140
165
171
152
176
188
152
197
152
149
134
228
237
161
173
188
129
173
112
104
144
343
234
220
248
272
172
203
204
174
180
137
298
191
311
168
191
140
120
140
136
239
188
191
262
152
169
123
140
135
154
207
288
196
207
237
191
153
179
173
150
255
233
158
209
183
218
178
154
132
142
208
143
182
231
127
186
132
139
145
135
433
242
233
260
189
193
247
319
237
222
282
192
192
236
248
190
172
163
158
142
305
244
221
277
240
201
182
174
241
183
256
264
206
275
217
185
204
173
188
195
209
217
204
238
188
200
169
160
181
193
253
268
236
205
230
214
256
187
160
240
479
404
364
411
377
267
255
274
357
0
211
311
329
302
219
228
197
238
231
208
278
283
243
243
220
376
227
190
256
210
203
407
229
240
246
217
195
203
192
229
305
210
242
298
255
207
211
183
232
268
482
244
171
219
157
168
235
181
180
173
264
212
232
331
201
225
210
166
239
175
185
280
207
206
177
302
186
181
204
249
213
208
173
189
138
200
149
128
120
186
237
282
199
183
222
191
164
139
198
207
238
296
221
215
224
228
196
236
232
246
102
135
119
115
100
97
115
75
130
112
0
207
206
214
191
228
133
179
0
183
318
420
322
406
316
274
0
291
405
347
158
293
239
206
151
212
217
198
134
226
127
281
151
105
111
140
106
81
89
141
305
365
316
301
226
294
233
251
246
230
436
361
263
344
244
332
333
273
282
257
352
387
318
352
322
391
317
289
326
287
372
423
298
392
253
373
329
314
359
295
259
201
226
209
280
267
244
251
196
178
239
213
235
257
195
232
277
226
277
199
275
316
307
368
251
383
287
317
365
227
